Time, Open, High, Low, Close, Volume
1535760000000, 281.46, 283.85, 281.34, 283.32, 3457.89473
1535761800000, 283.31, 284.8, 282.99, 284.19, 3738.85614
1535763600000, 284.22, 285.34, 283.7, 283.76, 4614.84837
1535765400000, 283.83, 284.42, 283.3, 283.69, 3130.84961
1535767200000, 283.69, 285.02, 283.61, 284.84, 3590.20625
1535769000000, 284.88, 285.68, 284.62, 284.81, 2671.88418
1535770800000, 284.83, 288.18, 284.7, 287.27, 7145.42596
1535772600000, 287.29, 289.19, 287.26, 288.43, 7760.97559
1535774400000, 288.43, 289.23, 285.81, 285.89, 4275.71332
1535776200000, 285.84, 286.79, 285.8, 286.74, 2610.26853
1535778000000, 286.73, 286.91, 284.67, 285.15, 5875.30572
1535779800000, 285.12, 286.27, 284.04, 286.19, 3307.93056
1535781600000, 286.14, 286.29, 285.48, 285.82, 6047.83682
1535783400000, 285.87, 287.83, 285.49, 287.13, 5895.11401
1535785200000, 287.24, 287.77, 286.66, 286.86, 4403.12913
1535787000000, 286.91, 287.42, 286.51, 286.54, 4294.97332
1535788800000, 286.6, 287.0, 286.29, 286.55, 1912.91503
1535790600000, 286.6, 287.47, 286.46, 287.13, 2027.63201
1535792400000, 287.14, 288.67, 286.76, 287.91, 6116.5886
1535794200000, 287.9, 288.38, 286.8, 287.1, 3105.23406
1535796000000, 287.05, 288.0, 286.86, 287.66, 4014.19451
1535797800000, 287.58, 288.49, 287.27, 288.28, 6500.53738
1535799600000, 288.29, 289.69, 287.19, 287.84, 5336.23899
1535801400000, 287.84, 287.93, 286.23, 286.39, 4983.47748
1535803200000, 286.39, 286.46, 284.28, 285.58, 6731.24052
1535805000000, 285.64, 286.19, 284.6, 284.86, 5734.12947
1535806800000, 284.89, 285.46, 284.38, 285.15, 5691.94679
1535808600000, 285.14, 286.03, 285.0, 286.0, 4713.08987
1535810400000, 286.03, 286.71, 285.27, 286.25, 4749.92792
1535812200000, 286.25, 295.75, 285.78, 294.05, 20658.3326
1535814000000, 294.08, 298.0, 294.04, 296.98, 22021.81613
1535815800000, 296.9, 298.15, 295.21, 295.54, 9930.98293
1535817600000, 295.55, 299.55, 295.54, 299.12, 10301.97379
1535819400000, 299.11, 299.38, 296.02, 296.4, 7140.8534
1535821200000, 296.53, 297.94, 294.85, 297.11, 12762.64099
1535823000000, 297.1, 298.24, 296.85, 297.5, 9754.12123
1535824800000, 297.5, 298.41, 296.8, 297.66, 7076.28831
1535826600000, 297.73, 298.47, 297.54, 298.32, 10639.47278
1535828400000, 298.26, 300.48, 297.86, 299.77, 11488.68302
1535830200000, 299.74, 302.0, 299.7, 301.46, 13033.92137
1535832000000, 301.44, 301.64, 297.11, 298.25, 8213.96709
1535833800000, 298.26, 299.49, 297.32, 297.89, 2492.13506
1535835600000, 297.88, 299.0, 297.38, 297.57, 1820.82254
1535837400000, 297.5, 298.78, 296.74, 297.21, 2017.30147
1535839200000, 297.19, 297.32, 294.0, 295.9, 2965.33474
1535841000000, 295.9, 296.99, 295.06, 295.28, 2007.45605
1535842800000, 295.43, 295.88, 294.83, 295.32, 3760.51899
1535844600000, 295.39, 296.46, 295.08, 295.71, 2419.45274
1535846400000, 295.8, 295.83, 295.0, 295.15, 1831.46021
1535848200000, 295.01, 295.1, 291.24, 293.39, 5495.78105
1535850000000, 293.19, 293.62, 292.0, 292.22, 3628.01336
1535851800000, 292.21, 292.29, 290.96, 292.01, 3184.38911
1535853600000, 292.08, 293.45, 291.51, 293.18, 1883.28763
1535855400000, 293.18, 294.9, 292.63, 294.74, 2221.42145
1535857200000, 294.74, 296.28, 293.98, 295.89, 2741.22388
1535859000000, 295.91, 298.29, 295.41, 296.56, 4087.65438
1535860800000, 296.56, 298.84, 295.68, 298.5, 3900.33964
1535862600000, 298.5, 298.8, 296.07, 296.41, 3210.50547
1535864400000, 296.4, 297.01, 295.71, 296.52, 2308.61041
1535866200000, 296.64, 298.2, 296.08, 297.64, 1722.54978
1535868000000, 297.56, 298.42, 296.36, 296.67, 3154.75544
1535869800000, 296.67, 297.05, 295.5, 296.45, 2310.29179
1535871600000, 296.45, 297.75, 296.34, 296.72, 1882.13679
1535873400000, 296.89, 298.0, 296.0, 296.82, 2968.37162
1535875200000, 296.84, 298.99, 296.63, 298.64, 4968.46884
1535877000000, 298.68, 298.94, 296.75, 297.91, 6257.65942
1535878800000, 297.89, 299.33, 296.79, 297.98, 5863.47678
1535880600000, 297.98, 298.2, 293.57, 295.85, 8085.27851
1535882400000, 295.97, 297.22, 292.94, 293.5, 4730.7942
1535884200000, 293.5, 294.64, 292.52, 293.81, 3215.52623
1535886000000, 293.81, 294.86, 292.66, 293.24, 3745.1705
1535887800000, 293.24, 293.29, 289.1, 290.56, 9094.32706
1535889600000, 290.59, 293.68, 290.27, 292.88, 3500.82171
1535891400000, 292.84, 293.21, 291.96, 292.96, 1957.20727
1535893200000, 293.1, 293.1, 290.0, 290.37, 4282.25389
1535895000000, 290.37, 292.12, 288.87, 289.57, 5203.70098
1535896800000, 289.56, 292.42, 289.32, 291.83, 2647.64708
1535898600000, 291.89, 292.63, 290.85, 292.25, 2364.549
1535900400000, 292.39, 293.2, 291.79, 291.82, 2346.35918
1535902200000, 291.82, 292.47, 290.47, 291.51, 1934.71935
1535904000000, 291.51, 294.31, 290.24, 294.29, 2775.82568
1535905800000, 294.29, 295.65, 293.9, 295.1, 5033.84835
1535907600000, 295.1, 296.95, 294.72, 294.93, 2735.26168
1535909400000, 294.95, 297.0, 294.71, 295.73, 2942.63739
1535911200000, 295.84, 296.44, 293.5, 294.3, 4179.78866
1535913000000, 294.22, 296.36, 294.06, 295.5, 2002.86124
1535914800000, 295.5, 296.67, 294.87, 295.33, 2949.22769
1535916600000, 295.33, 295.49, 293.42, 294.35, 2122.14976
1535918400000, 294.2, 294.28, 291.93, 292.68, 1909.49563
1535920200000, 292.67, 294.71, 292.1, 293.6, 1195.58685
1535922000000, 293.6, 294.71, 293.55, 294.66, 1291.79474
1535923800000, 294.6, 294.94, 293.34, 293.8, 558.75332
1535925600000, 293.85, 294.22, 292.2, 294.21, 1350.29104
1535927400000, 294.35, 294.37, 292.35, 292.96, 1770.23551
1535929200000, 293.0, 293.9, 292.63, 293.79, 1320.9973
1535931000000, 293.79, 296.0, 293.09, 295.41, 2432.55427
1535932800000, 295.51, 296.62, 294.39, 294.57, 2856.06452
1535934600000, 294.57, 295.2, 293.17, 293.66, 4850.94822
1535936400000, 293.66, 294.01, 291.27, 291.43, 4506.03379
1535938200000, 291.43, 292.93, 291.27, 292.28, 2572.88422
1535940000000, 292.28, 292.76, 291.48, 291.78, 1755.10845
1535941800000, 291.78, 293.55, 291.57, 293.11, 4379.90906
1535943600000, 293.18, 293.77, 292.55, 292.99, 4678.96633
1535945400000, 292.99, 293.39, 291.83, 292.43, 6066.28761
1535947200000, 292.49, 292.62, 288.26, 290.03, 8523.22549
1535949000000, 290.03, 290.39, 287.51, 288.12, 5771.8651
1535950800000, 288.12, 290.14, 287.95, 290.01, 1826.16606
1535952600000, 290.0, 290.22, 288.78, 289.65, 2401.82791
1535954400000, 289.74, 289.87, 289.13, 289.49, 3713.82927
1535956200000, 289.5, 290.95, 289.42, 290.62, 4173.90567
1535958000000, 290.56, 290.72, 288.8, 289.21, 5192.22667
1535959800000, 289.27, 289.99, 289.2, 289.87, 5548.8723
1535961600000, 289.76, 290.28, 289.01, 289.33, 7882.15624
1535963400000, 289.2, 289.9, 288.91, 289.51, 7420.53889
1535965200000, 289.55, 289.8, 286.31, 286.83, 7230.92913
1535967000000, 286.74, 287.52, 286.45, 286.86, 4399.1818
1535968800000, 286.91, 287.65, 285.99, 287.12, 5586.1748
1535970600000, 287.07, 287.6, 286.71, 287.38, 3241.18365
1535972400000, 287.31, 288.29, 286.65, 288.02, 4347.45966
1535974200000, 287.95, 288.11, 286.69, 286.9, 3835.02429
1535976000000, 286.9, 289.27, 286.36, 288.98, 6771.41223
1535977800000, 288.97, 289.11, 288.0, 288.49, 6485.01407
1535979600000, 288.47, 290.55, 288.28, 290.14, 7360.269
1535981400000, 290.4, 290.78, 289.43, 289.68, 5099.38035
1535983200000, 289.58, 290.17, 288.4, 288.42, 7353.47028
1535985000000, 288.55, 289.65, 288.3, 289.52, 5370.35523
1535986800000, 289.51, 289.7, 288.7, 289.5, 5142.60467
1535988600000, 289.5, 290.8, 288.57, 289.69, 8096.42349
1535990400000, 289.7, 289.95, 287.51, 287.77, 7396.56263
1535992200000, 287.8, 288.55, 287.61, 287.96, 5475.79954
1535994000000, 288.04, 289.01, 287.55, 288.56, 7228.1901
1535995800000, 288.6, 289.59, 288.36, 289.06, 3515.09914
1535997600000, 289.05, 290.16, 288.53, 289.43, 9075.21153
1535999400000, 289.42, 290.0, 289.24, 289.69, 4732.71675
1536001200000, 289.75, 292.81, 288.45, 292.41, 8986.36313
1536003000000, 292.38, 293.36, 290.62, 292.54, 7840.50336
1536004800000, 292.57, 292.57, 290.99, 291.46, 5285.89001
1536006600000, 291.47, 291.5, 290.4, 291.07, 6868.35465
1536008400000, 291.09, 291.36, 290.09, 290.58, 6581.01196
1536010200000, 290.57, 291.64, 290.45, 291.47, 6480.74491
1536012000000, 291.47, 292.8, 290.02, 290.3, 9399.44593
1536013800000, 290.3, 291.35, 288.7, 288.93, 10578.62563
1536015600000, 288.86, 289.95, 288.1, 288.47, 5793.76704
1536017400000, 288.46, 289.56, 288.28, 289.09, 5075.71586
1536019200000, 289.09, 289.16, 288.33, 288.96, 6523.77082
1536021000000, 289.02, 289.54, 288.88, 289.22, 6488.07251
1536022800000, 289.29, 290.62, 289.19, 290.47, 7765.8741
1536024600000, 290.47, 290.88, 290.0, 290.64, 6614.13074
1536026400000, 290.65, 291.56, 290.39, 290.73, 5968.09432
1536028200000, 290.73, 291.56, 290.28, 290.36, 6143.59422
1536030000000, 290.43, 290.48, 289.66, 289.92, 4737.1012
1536031800000, 289.92, 290.09, 288.23, 288.31, 6824.9827
1536033600000, 288.31, 288.43, 285.0, 285.43, 8710.63034
1536035400000, 285.4, 286.32, 283.04, 286.0, 10163.97825
1536037200000, 286.03, 286.24, 285.15, 285.98, 4962.32938
1536039000000, 285.98, 286.14, 285.08, 285.65, 4364.5037
1536040800000, 285.65, 286.83, 285.05, 286.18, 4818.57253
1536042600000, 286.11, 286.8, 285.65, 286.52, 7477.3979
1536044400000, 286.39, 286.53, 285.65, 286.49, 9969.2415
1536046200000, 286.44, 287.55, 286.21, 287.55, 8126.26797
1536048000000, 287.55, 287.98, 283.5, 286.29, 10363.2271
1536049800000, 286.23, 287.27, 286.0, 286.12, 3479.89608
1536051600000, 286.19, 286.5, 285.55, 285.95, 6026.60033
1536053400000, 285.91, 286.5, 285.85, 286.45, 7762.85436
1536055200000, 286.32, 286.84, 286.0, 286.51, 5097.65278
1536057000000, 286.51, 287.41, 286.37, 287.35, 8429.60079
1536058800000, 287.37, 289.0, 285.42, 287.97, 7475.16697
1536060600000, 287.96, 289.13, 287.66, 288.77, 5252.76944
1536062400000, 288.77, 292.64, 288.6, 291.28, 12199.81686
1536064200000, 291.4, 292.2, 289.4, 289.64, 7458.54137
1536066000000, 289.63, 289.92, 287.5, 288.91, 8289.15729
1536067800000, 288.92, 290.0, 288.6, 289.41, 5448.3285
1536069600000, 289.42, 290.86, 289.15, 290.86, 7285.64244
1536071400000, 290.84, 290.98, 288.6, 288.82, 5970.66019
1536073200000, 288.82, 290.49, 288.0, 289.39, 5923.05803
1536075000000, 289.47, 289.99, 289.0, 289.33, 6579.27336
1536076800000, 289.33, 289.6, 288.0, 288.56, 4989.37211
1536078600000, 288.57, 288.77, 287.52, 288.5, 6642.45233
1536080400000, 288.49, 289.25, 288.01, 288.75, 7846.16394
1536082200000, 288.75, 289.35, 288.0, 288.99, 5888.03846
1536084000000, 288.85, 289.82, 288.59, 289.74, 5625.87923
1536085800000, 289.73, 289.82, 285.55, 286.24, 8612.12463
1536087600000, 286.17, 286.8, 284.76, 286.0, 7944.43272
1536089400000, 286.01, 286.13, 283.0, 283.8, 8164.62886
1536091200000, 283.81, 285.0, 283.1, 284.84, 5553.9554
1536093000000, 284.78, 286.15, 284.72, 285.53, 3198.80191
1536094800000, 285.57, 286.9, 284.81, 286.7, 7027.57915
1536096600000, 286.7, 286.9, 285.37, 285.61, 5446.11547
1536098400000, 285.62, 286.04, 284.43, 285.3, 5997.35692
1536100200000, 285.29, 285.93, 285.07, 285.65, 8838.21742
1536102000000, 285.64, 285.78, 285.01, 285.28, 5886.389
1536103800000, 285.23, 285.56, 285.0, 285.3, 9739.89438
1536105600000, 285.18, 285.99, 285.18, 285.64, 5702.01323
1536107400000, 285.61, 287.14, 285.49, 287.04, 9237.39681
1536109200000, 287.08, 287.26, 286.47, 286.57, 7678.71274
1536111000000, 286.55, 287.62, 286.42, 287.32, 6670.33568
1536112800000, 287.15, 287.29, 286.25, 286.56, 2689.68003
1536114600000, 286.56, 286.87, 285.72, 285.86, 5786.20305
1536116400000, 285.86, 286.05, 284.15, 284.17, 5873.21214
1536118200000, 284.17, 284.94, 284.0, 284.71, 8819.21551
1536120000000, 284.67, 285.29, 284.0, 284.25, 4329.55892
1536121800000, 284.35, 284.59, 283.33, 284.0, 5192.77652
1536123600000, 284.03, 285.0, 283.78, 284.69, 3713.58362
1536125400000, 284.67, 285.29, 284.5, 285.0, 5110.26799
1536127200000, 285.1, 285.29, 284.15, 284.16, 1945.25982
1536129000000, 284.16, 285.07, 283.55, 284.73, 6137.86581
1536130800000, 284.71, 284.8, 283.5, 284.13, 4226.84015
1536132600000, 284.17, 284.57, 283.34, 283.6, 4568.98044
1536134400000, 283.61, 285.0, 283.28, 283.62, 8921.35288
1536136200000, 283.59, 284.05, 282.68, 283.7, 7451.68957
1536138000000, 283.73, 284.17, 283.11, 283.56, 4317.17539
1536139800000, 283.69, 284.25, 265.8, 266.83, 19531.50586
1536141600000, 266.99, 268.7, 259.99, 261.38, 32255.55638
1536143400000, 261.36, 264.66, 251.3, 255.53, 25817.14432
1536145200000, 255.81, 259.0, 253.0, 257.61, 15436.87857
1536147000000, 257.67, 258.01, 253.25, 257.68, 16175.57884
1536148800000, 257.55, 259.9, 256.97, 258.87, 15933.55851
1536150600000, 258.87, 259.74, 256.02, 258.0, 15080.80269
1536152400000, 258.0, 258.52, 257.15, 258.05, 15219.76214
1536154200000, 258.29, 261.57, 258.11, 261.24, 11255.07103
1536156000000, 261.27, 261.54, 258.21, 260.18, 11710.45076
1536157800000, 260.24, 260.28, 257.75, 259.45, 9339.86784
1536159600000, 259.45, 259.73, 257.0, 257.55, 8190.71042
1536161400000, 257.53, 258.4, 253.27, 255.91, 10868.46275
1536163200000, 255.89, 256.87, 253.44, 254.32, 10471.89086
1536165000000, 254.31, 254.62, 242.0, 244.86, 28438.62409
1536166800000, 244.87, 245.79, 238.88, 244.2, 26991.0768
1536168600000, 244.33, 246.23, 240.85, 242.9, 21493.68803
1536170400000, 242.9, 244.84, 242.36, 242.46, 10653.23283
1536172200000, 242.67, 244.85, 241.99, 244.1, 13556.06241
1536174000000, 244.11, 244.77, 240.19, 241.19, 9910.97775
1536175800000, 241.31, 244.4, 241.31, 243.38, 10145.16081
1536177600000, 243.38, 246.25, 243.24, 245.89, 8413.46866
1536179400000, 245.89, 246.22, 244.33, 246.22, 8161.94052
1536181200000, 246.23, 246.9, 244.64, 245.22, 6792.5491
1536183000000, 245.23, 245.35, 243.3, 243.83, 7066.09938
1536184800000, 243.83, 243.99, 237.15, 240.4, 12426.49938
1536186600000, 240.53, 242.44, 240.16, 241.38, 6909.13856
1536188400000, 241.37, 243.18, 239.34, 239.69, 7056.82295
1536190200000, 239.62, 240.5, 227.0, 228.53, 25059.61706
1536192000000, 228.28, 230.27, 212.0, 212.55, 33713.95923
1536193800000, 212.55, 227.0, 212.08, 225.62, 33609.08592
1536195600000, 225.46, 227.75, 221.29, 221.99, 21373.90784
1536197400000, 221.86, 230.01, 221.51, 228.08, 14079.53393
1536199200000, 228.08, 233.19, 228.01, 230.03, 19194.7274
1536201000000, 229.92, 230.92, 228.0, 230.2, 14954.45617
1536202800000, 230.1, 230.38, 227.13, 227.84, 12772.39581
1536204600000, 227.8, 229.75, 226.37, 227.86, 13020.4711
1536206400000, 227.78, 229.2, 224.82, 228.07, 10565.8809
1536208200000, 228.07, 229.25, 227.52, 228.89, 7539.45844
1536210000000, 228.89, 229.57, 226.25, 226.72, 8923.56483
1536211800000, 226.92, 228.03, 222.03, 225.74, 19724.09676
1536213600000, 225.83, 226.56, 222.75, 225.7, 11797.34731
1536215400000, 225.64, 226.36, 224.11, 225.5, 9655.28583
1536217200000, 225.59, 226.26, 224.31, 225.01, 11464.06691
1536219000000, 225.11, 229.52, 224.65, 227.58, 11835.8102
1536220800000, 227.51, 228.28, 226.48, 227.98, 8996.09647
1536222600000, 228.01, 230.0, 227.78, 228.92, 8617.87393
1536224400000, 228.89, 228.92, 226.57, 226.74, 9690.98448
1536226200000, 226.74, 227.21, 220.5, 225.66, 18865.18197
1536228000000, 225.66, 227.16, 224.75, 226.31, 9139.12297
1536229800000, 226.31, 226.41, 222.75, 224.9, 11932.52241
1536231600000, 224.91, 226.24, 224.4, 225.53, 4913.12404
1536233400000, 225.52, 226.5, 224.63, 225.93, 8389.3642
1536235200000, 225.93, 225.95, 222.52, 224.2, 10926.38167
1536237000000, 224.21, 224.62, 223.5, 223.64, 7334.58904
1536238800000, 223.55, 225.67, 223.0, 225.58, 5190.42676
1536240600000, 225.66, 232.36, 225.37, 231.16, 17706.44584
1536242400000, 231.16, 232.45, 228.32, 228.89, 13221.48923
1536244200000, 228.94, 231.0, 228.0, 229.63, 8636.15002
1536246000000, 229.81, 229.96, 226.89, 227.11, 10354.35066
1536247800000, 227.11, 227.98, 225.37, 226.6, 7375.7168
1536249600000, 226.41, 228.05, 225.0, 226.09, 11892.67986
1536251400000, 226.09, 227.63, 225.25, 225.5, 9917.4192
1536253200000, 225.6, 226.94, 225.0, 225.12, 8019.02608
1536255000000, 225.15, 225.34, 218.13, 220.91, 13141.36828
1536256800000, 220.91, 225.04, 220.0, 223.53, 11041.52325
1536258600000, 223.62, 224.38, 222.17, 222.82, 11191.76493
1536260400000, 222.83, 224.37, 222.31, 223.39, 5621.47922
1536262200000, 223.39, 227.44, 223.39, 226.02, 12524.43659
1536264000000, 226.0, 226.46, 224.72, 225.09, 9291.47349
1536265800000, 225.09, 226.99, 224.5, 225.1, 3475.45564
1536267600000, 225.11, 226.79, 224.87, 225.6, 8764.4467
1536269400000, 225.65, 225.74, 223.88, 224.58, 6163.85611
1536271200000, 224.53, 226.0, 224.23, 225.28, 4727.44583
1536273000000, 225.35, 227.34, 225.22, 227.01, 2824.17151
1536274800000, 227.05, 229.0, 227.03, 228.88, 8165.52982
1536276600000, 228.88, 231.57, 228.7, 229.7, 10720.92009
1536278400000, 229.73, 229.95, 226.91, 228.78, 7625.33679
1536280200000, 228.71, 229.77, 228.24, 229.62, 3742.04604
1536282000000, 229.62, 230.74, 229.51, 229.8, 5684.67649
1536283800000, 229.84, 232.84, 229.7, 232.63, 7105.54409
1536285600000, 232.63, 234.69, 231.26, 232.34, 12191.95143
1536287400000, 232.48, 232.8, 229.91, 230.91, 7861.5654
1536289200000, 230.91, 231.86, 230.0, 230.87, 6168.44259
1536291000000, 230.91, 231.24, 230.02, 230.29, 7377.57056
1536292800000, 230.3, 230.5, 228.15, 229.65, 9092.81573
1536294600000, 229.66, 229.8, 228.65, 229.22, 7396.44388
1536296400000, 229.25, 231.35, 229.1, 230.89, 9184.61941
1536298200000, 230.86, 231.3, 230.21, 230.86, 7641.09536
1536300000000, 230.92, 231.8, 229.3, 229.76, 10887.57155
1536301800000, 229.86, 229.88, 227.07, 227.12, 9600.86202
1536303600000, 227.13, 228.19, 225.0, 225.88, 8228.02754
1536305400000, 226.0, 226.97, 224.8, 225.7, 5578.23164
1536307200000, 225.77, 226.02, 222.3, 223.31, 10478.13755
1536309000000, 223.41, 224.59, 223.2, 223.94, 6866.09477
1536310800000, 223.94, 224.77, 223.21, 223.4, 4441.41299
1536312600000, 223.41, 225.0, 223.24, 224.66, 8129.30123
1536314400000, 224.66, 224.75, 213.5, 217.19, 25632.29156
1536316200000, 217.28, 219.43, 215.44, 217.9, 11606.71118
1536318000000, 217.9, 219.6, 216.37, 218.95, 9675.23842
1536319800000, 218.95, 219.07, 217.53, 218.23, 6643.54243
1536321600000, 218.3, 222.15, 218.14, 221.17, 9053.27072
1536323400000, 221.28, 223.8, 220.5, 221.58, 9745.73631
1536325200000, 221.59, 222.85, 220.75, 221.47, 9678.47498
1536327000000, 221.44, 221.5, 220.37, 220.99, 5557.70297
1536328800000, 220.96, 222.33, 219.8, 221.58, 8915.01998
1536330600000, 221.62, 221.86, 216.93, 217.72, 15608.18616
1536332400000, 217.74, 219.51, 217.74, 219.17, 6424.01957
1536334200000, 219.28, 220.69, 214.57, 215.79, 14880.94098
1536336000000, 215.89, 221.0, 215.0, 219.52, 17731.90887
1536337800000, 219.66, 220.8, 217.82, 218.33, 11129.63417
1536339600000, 218.34, 219.36, 216.73, 216.99, 10845.06511
1536341400000, 216.99, 218.28, 216.41, 217.79, 11863.60617
1536343200000, 217.74, 217.96, 216.08, 216.44, 12603.66308
1536345000000, 216.5, 218.16, 215.51, 216.61, 10621.18861
1536346800000, 216.62, 217.5, 215.81, 216.01, 6184.92308
1536348600000, 216.1, 217.44, 215.51, 216.45, 4571.28196
1536350400000, 216.46, 217.25, 215.72, 216.33, 2276.85516
1536352200000, 216.33, 218.97, 215.89, 218.32, 4726.04413
1536354000000, 218.36, 218.61, 217.64, 217.98, 1484.78116
1536355800000, 217.98, 218.27, 216.92, 217.55, 2380.11853
1536357600000, 217.56, 217.81, 215.5, 216.47, 3064.60891
1536359400000, 216.58, 219.0, 215.29, 215.67, 3946.22823
1536361200000, 215.83, 215.9, 214.0, 215.58, 3992.87662
1536363000000, 215.58, 216.0, 214.84, 215.22, 2254.1513
1536364800000, 215.19, 218.22, 215.08, 217.92, 4186.85032
1536366600000, 217.92, 220.2, 217.56, 218.19, 3279.71556
1536368400000, 218.19, 219.34, 217.61, 217.67, 2284.301
1536370200000, 217.71, 218.24, 217.0, 217.71, 2452.69827
1536372000000, 217.71, 219.19, 216.0, 219.06, 4229.5681
1536373800000, 219.06, 219.23, 218.57, 218.73, 2553.37101
1536375600000, 218.73, 219.0, 217.0, 217.04, 2531.02787
1536377400000, 217.09, 218.33, 216.25, 217.11, 5835.90005
1536379200000, 216.98, 217.16, 215.03, 215.78, 4230.52609
1536381000000, 215.78, 216.62, 215.43, 216.39, 2584.54389
1536382800000, 216.39, 216.55, 216.14, 216.18, 1448.5359
1536384600000, 216.18, 217.97, 216.16, 217.08, 3008.64745
1536386400000, 217.09, 217.8, 216.0, 217.03, 3875.15027
1536388200000, 216.92, 217.26, 216.0, 216.42, 2318.01314
1536390000000, 216.43, 217.39, 216.43, 217.19, 1741.39319
1536391800000, 217.19, 217.49, 216.51, 217.32, 889.34681
1536393600000, 217.32, 219.38, 217.28, 218.77, 3326.0471
1536395400000, 218.85, 219.83, 218.34, 218.83, 3112.17327
1536397200000, 218.73, 219.0, 217.65, 218.19, 2440.39414
1536399000000, 218.24, 219.54, 218.19, 219.1, 2127.64071
1536400800000, 219.11, 219.3, 218.56, 219.21, 1901.77766
1536402600000, 219.28, 219.3, 218.75, 219.07, 1804.78974
1536404400000, 219.13, 219.41, 216.7, 217.87, 7152.86007
1536406200000, 217.87, 218.25, 217.0, 217.78, 2012.86718
1536408000000, 217.78, 218.16, 215.0, 216.54, 7617.14802
1536409800000, 216.63, 217.62, 216.46, 217.07, 1601.11475
1536411600000, 217.09, 217.49, 216.21, 217.0, 3747.5724
1536413400000, 217.0, 217.5, 216.66, 217.0, 1749.4592
1536415200000, 217.02, 217.1, 215.91, 216.6, 2006.23672
1536417000000, 216.6, 216.67, 215.44, 215.5, 2669.27162
1536418800000, 215.53, 216.81, 215.2, 216.15, 4101.66659
1536420600000, 216.15, 216.76, 215.5, 216.35, 2699.82705
1536422400000, 216.42, 216.64, 215.16, 215.67, 2443.52531
1536424200000, 215.67, 215.71, 208.11, 209.8, 13027.85317
1536426000000, 209.71, 211.0, 207.34, 208.42, 15439.97693
1536427800000, 208.46, 208.46, 198.2, 201.07, 36508.13419
1536429600000, 200.8, 202.45, 198.0, 199.47, 24114.27432
1536431400000, 199.16, 202.93, 199.0, 201.99, 15116.23071
1536433200000, 201.91, 203.21, 198.62, 199.2, 11988.0976
1536435000000, 199.23, 200.7, 198.76, 199.7, 4780.20475
1536436800000, 199.61, 199.71, 195.0, 195.36, 13831.8483
1536438600000, 195.21, 195.63, 190.01, 193.27, 28855.98967
1536440400000, 193.27, 193.61, 190.09, 191.79, 8611.83738
1536442200000, 191.78, 195.16, 191.67, 195.01, 7297.87653
1536444000000, 195.02, 197.52, 193.84, 197.21, 7628.92558
1536445800000, 197.21, 199.44, 194.56, 194.79, 16155.08772
1536447600000, 194.97, 196.42, 193.61, 196.42, 4505.1164
1536449400000, 196.21, 199.99, 196.0, 196.71, 11034.43534
1536451200000, 196.87, 197.34, 193.77, 194.49, 12544.5618
1536453000000, 194.49, 195.13, 193.84, 194.12, 3630.65895
1536454800000, 194.11, 196.27, 194.01, 195.76, 2906.85683
1536456600000, 195.83, 195.88, 193.0, 194.57, 7017.41672
1536458400000, 194.63, 194.64, 192.37, 192.61, 4208.12335
1536460200000, 192.6, 192.9, 185.76, 187.6, 18422.87515
1536462000000, 187.51, 190.81, 185.02, 189.62, 25342.4378
1536463800000, 189.5, 190.06, 188.12, 189.1, 10226.65988
1536465600000, 189.19, 191.21, 188.96, 189.58, 6220.54238
1536467400000, 189.45, 189.57, 188.02, 188.41, 6037.16007
1536469200000, 188.54, 190.11, 188.37, 189.99, 4564.30814
1536471000000, 190.0, 191.0, 189.0, 190.08, 3626.33122
1536472800000, 190.08, 191.89, 190.07, 191.0, 4326.40756
1536474600000, 191.0, 191.45, 190.71, 191.14, 2942.60443
1536476400000, 190.97, 191.27, 189.71, 190.24, 4534.13956
1536478200000, 190.24, 190.55, 189.71, 190.0, 2115.24434
1536480000000, 190.02, 191.31, 189.73, 190.73, 4332.8357
1536481800000, 190.73, 190.96, 190.06, 190.75, 4158.99465
1536483600000, 190.75, 196.5, 190.26, 196.4, 11547.60612
1536485400000, 196.4, 207.0, 196.25, 203.07, 47434.88554
1536487200000, 203.08, 204.72, 199.41, 201.38, 20999.11481
1536489000000, 201.46, 204.66, 199.44, 199.89, 11660.33252
1536490800000, 199.95, 203.89, 199.47, 202.4, 12936.41921
1536492600000, 202.39, 202.76, 200.55, 201.99, 5014.57168
1536494400000, 202.04, 203.47, 201.33, 203.4, 5168.24221
1536496200000, 203.43, 204.66, 202.8, 203.29, 8966.53752
1536498000000, 203.3, 205.56, 203.21, 204.75, 6891.96733
1536499800000, 204.75, 207.49, 204.38, 205.21, 14024.42576
1536501600000, 205.17, 208.6, 203.62, 204.57, 13551.91838
1536503400000, 204.57, 204.98, 202.84, 203.54, 7369.14988
1536505200000, 203.51, 203.89, 200.5, 201.3, 11989.71276
1536507000000, 201.21, 203.39, 200.98, 201.42, 7732.11395
1536508800000, 201.45, 203.0, 200.98, 201.37, 4730.93376
1536510600000, 201.4, 201.61, 198.1, 200.11, 16049.3732
1536512400000, 200.13, 200.7, 196.8, 196.99, 8616.24114
1536514200000, 196.99, 198.5, 196.75, 197.75, 6553.87547
1536516000000, 197.78, 199.99, 197.46, 199.81, 5047.11656
1536517800000, 199.89, 199.89, 198.15, 198.4, 3258.52613
1536519600000, 198.29, 201.52, 198.18, 200.89, 5486.63555
1536521400000, 200.89, 203.13, 200.89, 202.16, 5071.43316
1536523200000, 202.16, 202.84, 200.02, 200.57, 5955.39995
1536525000000, 200.57, 202.02, 200.37, 201.48, 3172.83174
1536526800000, 201.45, 202.29, 200.96, 201.4, 1710.34753
1536528600000, 201.44, 201.83, 198.59, 199.1, 4747.11724
1536530400000, 199.1, 199.25, 191.8, 193.67, 23764.1556
1536532200000, 193.55, 196.2, 192.73, 194.55, 12716.05042
1536534000000, 194.58, 195.89, 193.14, 195.15, 4259.05122
1536535800000, 195.15, 197.39, 194.92, 195.81, 5670.78105
1536537600000, 196.13, 198.99, 195.95, 198.13, 7430.96749
1536539400000, 198.09, 198.82, 196.35, 197.5, 3208.79368
1536541200000, 197.59, 202.16, 196.95, 200.88, 10493.07573
1536543000000, 200.67, 203.42, 199.16, 200.63, 14023.60117
1536544800000, 200.7, 201.55, 198.49, 198.81, 9029.13851
1536546600000, 198.81, 201.1, 198.51, 199.92, 8827.86199
1536548400000, 199.82, 199.9, 197.61, 198.79, 7196.52465
1536550200000, 198.79, 199.98, 198.32, 199.3, 11009.06219
1536552000000, 199.28, 199.3, 197.85, 198.17, 8342.94052
1536553800000, 198.16, 198.82, 196.0, 196.55, 8800.08274
1536555600000, 196.79, 198.95, 196.19, 198.0, 5020.25687
1536557400000, 198.01, 198.76, 197.05, 198.4, 9549.96543
1536559200000, 198.4, 198.49, 197.67, 198.0, 8724.40615
1536561000000, 197.95, 200.38, 197.62, 200.3, 10496.66095
1536562800000, 200.25, 200.51, 199.0, 199.49, 7492.24934
1536564600000, 199.5, 199.5, 197.95, 198.98, 9739.85848
1536566400000, 198.95, 199.21, 198.12, 198.77, 6154.9873
1536568200000, 198.78, 198.79, 196.26, 196.58, 6904.52101
1536570000000, 196.56, 196.77, 195.07, 196.18, 9000.67486
1536571800000, 196.09, 196.61, 194.62, 196.5, 8573.7023
1536573600000, 196.5, 196.5, 194.93, 195.29, 5283.55185
1536575400000, 195.28, 197.48, 192.0, 196.49, 17499.54446
1536577200000, 196.47, 196.51, 195.13, 195.86, 5984.68506
1536579000000, 195.83, 197.17, 195.77, 196.97, 7663.70181
1536580800000, 196.98, 197.09, 195.6, 196.54, 3419.22046
1536582600000, 196.51, 196.65, 195.5, 195.76, 5120.69286
1536584400000, 195.84, 195.94, 192.67, 194.22, 7909.99979
1536586200000, 194.25, 195.29, 193.0, 194.76, 9578.73695
1536588000000, 194.89, 197.0, 194.5, 195.95, 10749.06869
1536589800000, 195.89, 196.04, 194.5, 195.46, 6935.56871
1536591600000, 195.55, 195.84, 194.0, 194.64, 3939.83082
1536593400000, 194.55, 195.0, 194.12, 194.94, 8331.44126
1536595200000, 194.99, 195.05, 193.05, 193.76, 7173.96942
1536597000000, 193.72, 194.32, 188.11, 189.11, 16045.8416
1536598800000, 189.21, 191.04, 187.1, 189.75, 18407.35493
1536600600000, 189.66, 190.39, 189.0, 189.76, 10897.04459
1536602400000, 189.74, 192.5, 188.91, 191.49, 13053.7324
1536604200000, 191.49, 192.63, 190.94, 192.15, 5741.461
1536606000000, 192.13, 193.35, 191.47, 192.64, 8199.5467
1536607800000, 192.66, 196.5, 191.66, 195.49, 9897.53571
1536609600000, 195.37, 195.5, 192.6, 193.81, 9355.15239
1536611400000, 193.67, 197.98, 193.22, 196.76, 13467.3984
1536613200000, 196.7, 197.42, 195.46, 197.18, 6910.32295
1536615000000, 197.21, 197.74, 194.7, 195.35, 9689.68656
1536616800000, 195.32, 195.47, 194.42, 194.46, 3440.83117
1536618600000, 194.48, 195.85, 193.42, 195.14, 9562.66921
1536620400000, 195.14, 197.13, 194.63, 196.97, 7641.11074
1536622200000, 196.99, 197.47, 195.48, 197.15, 6570.83478
1536624000000, 197.22, 199.3, 192.0, 195.44, 22221.23042
1536625800000, 195.45, 197.93, 194.73, 197.22, 7764.6282
1536627600000, 197.25, 200.2, 197.2, 197.79, 11889.62637
1536629400000, 197.76, 198.86, 197.0, 198.74, 5315.26412
1536631200000, 198.84, 199.15, 195.74, 196.08, 11613.95769
1536633000000, 196.08, 197.64, 195.95, 196.8, 7437.93236
1536634800000, 196.98, 197.3, 195.5, 196.0, 11872.22215
1536636600000, 196.01, 197.12, 195.19, 195.38, 8997.63508
1536638400000, 195.47, 196.36, 195.0, 196.19, 8571.51298
1536640200000, 196.19, 196.42, 192.51, 193.44, 9466.94872
1536642000000, 193.4, 194.18, 191.6, 193.88, 10460.12457
1536643800000, 193.77, 194.99, 192.8, 194.2, 4240.52479
1536645600000, 194.17, 195.49, 191.4, 195.26, 9970.08633
1536647400000, 195.26, 195.76, 194.16, 194.35, 4183.5016
1536649200000, 194.35, 194.83, 193.15, 194.45, 4998.15614
1536651000000, 194.42, 194.51, 193.44, 193.59, 4675.10416
1536652800000, 193.63, 194.24, 192.93, 193.74, 3098.04016
1536654600000, 193.75, 194.4, 193.55, 194.11, 4024.8475
1536656400000, 194.12, 194.89, 194.08, 194.55, 4151.40225
1536658200000, 194.59, 194.85, 193.56, 194.22, 4536.27286
1536660000000, 194.19, 194.23, 192.3, 193.56, 7594.79381
1536661800000, 193.59, 193.94, 192.5, 192.98, 6458.68637
1536663600000, 192.91, 193.38, 190.81, 191.04, 9738.64431
1536665400000, 191.03, 191.14, 189.18, 190.71, 11617.11793
1536667200000, 190.66, 191.12, 189.01, 189.48, 6640.65457
1536669000000, 189.51, 190.88, 189.23, 190.01, 9320.92001
1536670800000, 189.95, 191.55, 189.85, 191.24, 6363.40996
1536672600000, 191.39, 191.46, 190.0, 190.49, 4455.75178
1536674400000, 190.47, 192.0, 190.0, 190.43, 11775.70509
1536676200000, 190.42, 190.47, 183.0, 184.28, 19418.0982
1536678000000, 184.28, 185.8, 183.1, 185.03, 19445.85871
1536679800000, 185.04, 185.07, 183.01, 184.32, 16798.34939
1536681600000, 184.32, 185.8, 184.0, 184.67, 12964.01585
1536683400000, 184.7, 185.17, 183.13, 184.04, 9934.66806
1536685200000, 184.0, 184.16, 180.24, 182.2, 15585.18033
1536687000000, 182.08, 182.48, 181.0, 181.82, 9879.38543
1536688800000, 181.85, 182.5, 176.16, 178.13, 19462.04243
1536690600000, 178.32, 182.7, 178.1, 181.78, 18935.18761
1536692400000, 181.75, 182.64, 180.51, 181.82, 10376.33948
1536694200000, 181.82, 183.51, 181.67, 182.68, 7825.47406
1536696000000, 182.72, 182.75, 180.6, 181.59, 7706.37583
1536697800000, 181.59, 182.99, 181.22, 181.99, 8294.2475
1536699600000, 181.95, 182.17, 180.06, 180.56, 10107.34577
1536701400000, 180.52, 186.66, 180.07, 186.17, 17197.20555
1536703200000, 186.19, 187.12, 184.01, 184.71, 11894.01307
1536705000000, 184.73, 185.99, 184.03, 184.68, 7448.47667
1536706800000, 184.7, 185.18, 184.39, 185.04, 6525.04738
1536708600000, 185.07, 185.8, 183.15, 185.18, 13493.77856
1536710400000, 185.14, 185.22, 184.13, 184.7, 4857.6345
1536712200000, 184.69, 185.15, 180.75, 181.24, 10308.05986
1536714000000, 181.05, 182.61, 180.8, 181.92, 6907.19091
1536715800000, 181.88, 181.92, 178.5, 179.4, 8575.15583
1536717600000, 179.39, 180.6, 178.33, 178.6, 9524.59542
1536719400000, 178.58, 179.48, 178.16, 178.97, 10196.28546
1536721200000, 178.96, 179.03, 176.58, 177.3, 18555.92373
1536723000000, 177.31, 177.4, 174.3, 176.9, 15824.33985
1536724800000, 176.9, 177.91, 174.91, 177.48, 8960.92582
1536726600000, 177.48, 177.95, 175.84, 175.91, 4179.89247
1536728400000, 175.91, 176.89, 175.0, 176.61, 4450.51607
1536730200000, 176.82, 178.05, 176.16, 176.16, 4742.77782
1536732000000, 176.2, 176.89, 174.0, 174.94, 12602.25442
1536733800000, 174.88, 175.1, 171.78, 171.8, 10107.44577
1536735600000, 171.8, 173.1, 167.64, 171.57, 33359.32531
1536737400000, 171.39, 172.26, 169.56, 170.81, 13597.4898
1536739200000, 170.92, 171.5, 167.32, 169.49, 17068.40957
1536741000000, 169.47, 170.93, 168.74, 170.55, 12311.87369
1536742800000, 170.59, 173.04, 170.5, 171.6, 11913.16171
1536744600000, 171.61, 172.42, 170.73, 172.25, 7614.42166
1536746400000, 172.29, 175.26, 172.15, 173.2, 11853.15541
1536748200000, 173.13, 174.18, 171.13, 171.62, 16555.85958
1536750000000, 171.61, 171.62, 169.19, 169.61, 12272.6068
1536751800000, 169.61, 171.8, 168.94, 170.82, 13996.56267
1536753600000, 170.65, 174.3, 170.54, 172.33, 13151.98945
1536755400000, 172.32, 172.82, 171.2, 171.5, 6274.66941
1536757200000, 171.45, 173.8, 171.4, 172.36, 10426.50813
1536759000000, 172.36, 174.52, 172.01, 174.13, 8999.3435
1536760800000, 174.2, 174.3, 172.0, 173.2, 7762.87527
1536762600000, 173.29, 174.1, 172.46, 172.83, 7316.40424
1536764400000, 172.69, 173.5, 171.97, 172.35, 6206.90571
1536766200000, 172.38, 172.5, 170.96, 171.65, 7763.68389
1536768000000, 171.59, 172.3, 170.84, 171.77, 7440.38054
1536769800000, 171.77, 171.8, 169.45, 170.74, 7446.06198
1536771600000, 170.74, 172.39, 170.69, 172.02, 4617.00332
1536773400000, 172.11, 174.81, 171.9, 173.61, 12610.88845
1536775200000, 173.52, 175.1, 172.31, 174.66, 8457.02481
1536777000000, 174.55, 182.2, 173.4, 179.79, 35912.38951
1536778800000, 179.87, 182.07, 179.68, 180.68, 15230.72566
1536780600000, 180.87, 181.16, 178.28, 180.14, 13396.97615
1536782400000, 180.0, 180.7, 179.0, 180.26, 5711.08586
1536784200000, 180.26, 182.3, 179.68, 182.18, 6194.47584
1536786000000, 182.19, 184.9, 180.76, 183.61, 10738.17909
1536787800000, 183.6, 184.0, 180.53, 180.9, 7316.87772
1536789600000, 180.9, 182.26, 180.54, 181.83, 4972.32052
1536791400000, 181.84, 183.86, 181.53, 183.6, 5556.26391
1536793200000, 183.55, 183.83, 181.5, 182.53, 6338.80579
1536795000000, 182.4, 184.0, 182.4, 183.12, 3870.08877
1536796800000, 183.17, 192.74, 183.15, 190.98, 30529.34689
1536798600000, 191.04, 191.4, 189.0, 190.57, 15060.59118
1536800400000, 190.62, 192.41, 188.12, 189.29, 15033.04202
1536802200000, 189.29, 190.56, 188.39, 189.81, 6813.08862
1536804000000, 189.81, 189.99, 188.1, 189.02, 5701.69447
1536805800000, 188.99, 189.57, 188.65, 189.24, 7892.05656
1536807600000, 189.24, 191.23, 189.18, 189.58, 13401.30462
1536809400000, 189.58, 190.04, 188.74, 189.5, 7137.142
1536811200000, 189.53, 190.79, 188.93, 190.31, 8434.42544
1536813000000, 190.3, 191.23, 189.85, 190.9, 10292.06554
1536814800000, 190.91, 191.13, 189.0, 189.31, 7683.09072
1536816600000, 189.33, 189.39, 186.0, 186.62, 13865.63875
1536818400000, 186.55, 189.18, 186.5, 187.97, 8060.56324
1536820200000, 187.97, 188.65, 186.33, 188.46, 6456.43554
1536822000000, 188.49, 189.0, 187.4, 187.62, 4942.70634
1536823800000, 187.52, 187.71, 186.5, 186.59, 8157.31914
1536825600000, 186.59, 188.05, 186.56, 188.03, 9171.56364
1536827400000, 188.03, 189.86, 187.91, 189.1, 12217.16677
1536829200000, 189.12, 190.25, 188.36, 190.01, 16373.88219
1536831000000, 190.0, 193.0, 189.6, 191.21, 19127.88236
1536832800000, 191.21, 195.3, 191.06, 194.28, 22813.92303
1536834600000, 194.21, 194.29, 191.78, 193.36, 16878.13429
1536836400000, 193.24, 193.62, 191.41, 193.37, 12985.00193
1536838200000, 193.4, 195.36, 192.81, 195.13, 10744.55465
1536840000000, 195.14, 198.47, 195.14, 197.35, 20023.25097
1536841800000, 197.35, 198.9, 195.81, 198.16, 17445.46921
1536843600000, 198.11, 202.7, 196.68, 202.55, 21404.8124
1536845400000, 202.41, 208.06, 201.0, 205.37, 54554.89743
1536847200000, 205.37, 205.89, 201.88, 202.54, 30083.17382
1536849000000, 202.52, 204.55, 202.0, 202.7, 18267.32507
1536850800000, 202.41, 203.83, 200.11, 203.7, 17291.37831
1536852600000, 203.76, 203.76, 200.98, 202.68, 11018.00315
1536854400000, 202.68, 207.38, 202.64, 206.15, 17745.43895
1536856200000, 206.1, 212.07, 205.3, 208.23, 40157.69819
1536858000000, 208.34, 210.82, 206.1, 206.89, 23952.15275
1536859800000, 206.89, 208.5, 204.44, 207.66, 14966.46042
1536861600000, 207.67, 208.39, 205.52, 207.48, 8290.49627
1536863400000, 207.45, 207.65, 205.11, 205.71, 10397.61367
1536865200000, 205.71, 206.7, 204.1, 204.4, 14388.14048
1536867000000, 204.4, 204.47, 200.8, 202.72, 25550.30863
1536868800000, 202.69, 203.19, 200.35, 203.01, 11364.51655
1536870600000, 203.01, 206.9, 203.0, 205.86, 12126.16731
1536872400000, 205.88, 206.06, 202.9, 203.0, 8258.8893
1536874200000, 202.91, 205.25, 202.89, 204.94, 6921.11587
1536876000000, 204.94, 210.1, 204.24, 209.29, 14937.9269
1536877800000, 209.3, 210.0, 207.25, 207.76, 12309.87718
1536879600000, 207.83, 215.0, 207.31, 213.15, 23734.60589
1536881400000, 213.14, 214.69, 210.17, 210.68, 14541.00186
1536883200000, 210.91, 213.35, 209.13, 209.64, 17016.63255
1536885000000, 209.65, 211.25, 207.61, 208.68, 11474.01458
1536886800000, 208.31, 211.31, 208.3, 211.22, 6898.35112
1536888600000, 211.3, 214.49, 211.22, 213.55, 15035.6751
1536890400000, 213.5, 219.0, 213.49, 218.37, 27127.90693
1536892200000, 218.37, 221.81, 218.08, 219.62, 28188.3419
1536894000000, 219.61, 224.11, 219.33, 224.04, 23056.89608
1536895800000, 224.04, 224.2, 217.5, 218.57, 21039.64378
1536897600000, 218.57, 220.78, 216.63, 217.27, 14185.78225
1536899400000, 217.27, 224.0, 215.32, 216.53, 17332.48213
1536901200000, 216.56, 220.9, 216.53, 220.0, 16222.2009
1536903000000, 219.94, 221.0, 217.0, 217.53, 14692.62303
1536904800000, 217.52, 219.34, 215.5, 216.98, 10712.2982
1536906600000, 217.0, 217.69, 215.56, 217.33, 8081.90088
1536908400000, 217.25, 220.0, 217.25, 218.34, 12990.51821
1536910200000, 218.35, 218.35, 210.21, 212.82, 23801.91557
1536912000000, 212.81, 214.0, 208.5, 213.56, 28895.06893
1536913800000, 213.56, 213.69, 202.94, 204.41, 34391.63306
1536915600000, 204.39, 207.6, 204.07, 206.37, 20995.65855
1536917400000, 206.23, 206.44, 203.0, 204.38, 16224.3744
1536919200000, 204.2, 207.5, 203.46, 206.87, 16837.29958
1536921000000, 207.04, 207.29, 204.6, 205.21, 11112.75814
1536922800000, 205.21, 210.73, 205.0, 209.35, 22260.58211
1536924600000, 209.28, 210.2, 208.02, 208.36, 16278.29598
1536926400000, 208.33, 209.27, 207.12, 207.77, 15518.17622
1536928200000, 207.85, 208.82, 205.98, 208.46, 16763.66898
1536930000000, 208.67, 208.9, 204.51, 205.0, 19982.54327
1536931800000, 205.05, 207.0, 204.36, 205.21, 16687.52738
1536933600000, 205.15, 206.0, 202.6, 205.45, 17428.99136
1536935400000, 205.28, 206.64, 203.5, 204.74, 13536.09749
1536937200000, 204.8, 208.0, 204.73, 206.66, 16408.7174
1536939000000, 206.68, 208.87, 206.1, 208.13, 13400.12382
1536940800000, 208.14, 212.99, 208.12, 211.35, 32171.25304
1536942600000, 211.33, 218.49, 210.71, 217.53, 27807.32378
1536944400000, 217.53, 218.08, 212.64, 214.01, 23008.94273
1536946200000, 214.0, 215.85, 212.31, 212.77, 12731.37994
1536948000000, 212.76, 215.11, 212.57, 212.78, 11371.11933
1536949800000, 212.78, 215.67, 212.6, 214.99, 9120.85131
1536951600000, 214.99, 217.5, 214.72, 216.36, 13049.68282
1536953400000, 216.27, 220.62, 215.88, 218.98, 25666.79537
1536955200000, 218.98, 221.62, 216.68, 217.73, 23148.70265
1536957000000, 217.73, 220.09, 217.1, 218.54, 12508.17472
1536958800000, 218.86, 218.86, 215.18, 216.66, 10459.44339
1536960600000, 216.67, 217.8, 213.89, 214.93, 11063.82304
1536962400000, 214.92, 217.53, 212.3, 215.88, 13199.31646
1536964200000, 215.95, 217.38, 214.71, 215.52, 10479.63652
1536966000000, 215.39, 216.49, 213.66, 214.36, 7396.4393
1536967800000, 214.43, 214.46, 208.33, 208.82, 26184.24145
1536969600000, 208.55, 212.0, 207.64, 210.0, 10489.78625
1536971400000, 209.98, 210.74, 208.73, 209.32, 8895.59425
1536973200000, 209.36, 214.62, 209.2, 213.62, 15146.26735
1536975000000, 213.63, 216.13, 213.49, 215.0, 8656.40128
1536976800000, 215.0, 215.26, 212.59, 214.19, 9081.55795
1536978600000, 214.16, 214.5, 211.78, 212.35, 11936.93899
1536980400000, 212.35, 213.69, 210.6, 210.99, 14939.56985
1536982200000, 211.16, 213.65, 210.65, 213.62, 6329.83754
1536984000000, 213.63, 215.13, 211.33, 212.87, 4844.5474
1536985800000, 212.99, 216.58, 212.86, 215.49, 6725.61025
1536987600000, 215.47, 216.38, 213.0, 214.02, 3722.46096
1536989400000, 214.03, 214.56, 211.49, 212.57, 4475.14988
1536991200000, 212.57, 213.5, 210.75, 212.56, 6299.08476
1536993000000, 212.49, 213.33, 211.7, 212.35, 3479.35954
1536994800000, 212.34, 215.28, 211.83, 214.74, 6291.91635
1536996600000, 214.67, 214.89, 213.6, 213.68, 3215.00776
1536998400000, 213.83, 216.78, 213.69, 216.2, 9817.90241
1537000200000, 216.22, 217.65, 215.43, 215.8, 10614.34436
1537002000000, 215.81, 218.0, 215.81, 216.76, 8170.36332
1537003800000, 216.79, 218.76, 216.0, 218.04, 6898.58183
1537005600000, 218.04, 219.79, 215.57, 215.75, 10243.49242
1537007400000, 215.9, 217.5, 215.72, 215.93, 5177.34162
1537009200000, 215.93, 215.93, 213.64, 215.65, 16781.8931
1537011000000, 215.66, 217.0, 215.49, 216.95, 5014.8707
1537012800000, 216.95, 217.3, 216.0, 217.3, 3963.50746
1537014600000, 217.3, 218.76, 217.14, 218.33, 12725.56253
1537016400000, 218.33, 222.8, 218.16, 222.77, 23931.16591
1537018200000, 222.77, 223.44, 220.2, 221.64, 19137.97643
1537020000000, 221.64, 227.4, 221.56, 225.85, 31488.21703
1537021800000, 225.85, 226.97, 223.43, 224.88, 15649.79076
1537023600000, 224.88, 225.9, 223.12, 224.27, 9925.61545
1537025400000, 224.27, 224.99, 221.68, 224.04, 15076.3883
1537027200000, 224.12, 225.6, 222.8, 225.4, 8334.21838
1537029000000, 225.4, 227.0, 225.02, 225.56, 8145.25647
1537030800000, 225.56, 226.06, 223.1, 226.03, 8691.21253
1537032600000, 225.81, 227.42, 225.39, 227.22, 11447.71899
1537034400000, 227.22, 227.35, 224.45, 225.49, 6363.24382
1537036200000, 225.41, 225.96, 222.1, 223.4, 9222.60554
1537038000000, 223.44, 224.62, 221.94, 224.2, 11463.44741
1537039800000, 224.23, 224.69, 223.12, 224.11, 6310.56658
1537041600000, 224.14, 224.22, 222.28, 222.65, 2508.51588
1537043400000, 222.62, 224.08, 222.22, 223.66, 3204.96056
1537045200000, 223.66, 223.97, 218.7, 219.17, 14395.48413
1537047000000, 219.17, 221.8, 218.7, 220.77, 7574.05735
1537048800000, 220.77, 223.27, 220.46, 223.24, 4060.37208
1537050600000, 223.24, 223.65, 220.81, 221.2, 4634.97871
1537052400000, 221.21, 223.39, 220.91, 222.52, 2788.25949
1537054200000, 222.47, 223.4, 221.23, 221.29, 2755.52742
1537056000000, 221.62, 222.64, 219.52, 219.76, 6011.0531
1537057800000, 219.78, 221.36, 219.61, 220.81, 11515.7496
1537059600000, 220.8, 221.8, 220.66, 221.05, 6060.07772
1537061400000, 221.08, 221.21, 218.21, 218.95, 9432.88622
1537063200000, 218.99, 219.0, 216.19, 217.79, 13795.7647
1537065000000, 217.8, 218.59, 216.28, 217.94, 7108.80739
1537066800000, 217.94, 218.72, 216.96, 217.91, 8261.58532
1537068600000, 217.92, 218.0, 213.3, 214.72, 16029.81464
1537070400000, 214.72, 214.81, 208.1, 212.3, 40316.71394
1537072200000, 212.2, 215.5, 210.86, 214.9, 16266.82605
1537074000000, 214.94, 216.0, 213.21, 214.04, 13157.80277
1537075800000, 214.08, 216.57, 212.61, 216.02, 11905.41544
1537077600000, 216.08, 216.1, 214.16, 214.47, 5945.56004
1537079400000, 214.48, 216.02, 213.14, 214.46, 11651.55812
1537081200000, 214.43, 215.01, 212.99, 213.25, 9995.39962
1537083000000, 213.34, 214.79, 213.15, 214.02, 8209.81467
1537084800000, 214.04, 216.64, 213.28, 216.3, 12140.23614
1537086600000, 216.33, 218.4, 216.31, 217.22, 13922.86104
1537088400000, 217.35, 219.08, 215.63, 218.3, 10367.37555
1537090200000, 218.32, 219.09, 217.82, 217.9, 9873.11117
1537092000000, 217.98, 219.2, 217.3, 219.06, 9274.99238
1537093800000, 219.01, 221.11, 218.96, 220.75, 12319.76113
1537095600000, 220.79, 221.33, 218.8, 219.14, 9352.70103
1537097400000, 219.21, 219.94, 218.48, 219.37, 9922.15012
1537099200000, 219.37, 219.54, 217.52, 217.88, 7459.94483
1537101000000, 217.88, 220.28, 217.88, 219.53, 5049.57817
1537102800000, 219.71, 220.7, 218.2, 218.8, 4541.31286
1537104600000, 218.8, 219.21, 215.85, 216.63, 10650.72571
1537106400000, 216.61, 216.63, 214.9, 216.21, 10008.0295
1537108200000, 216.21, 217.67, 215.32, 217.31, 4942.52556
1537110000000, 217.37, 217.48, 215.5, 215.91, 2622.07828
1537111800000, 216.1, 217.56, 215.64, 217.55, 2299.0911
1537113600000, 217.55, 219.3, 217.5, 218.57, 5295.28121
1537115400000, 218.52, 218.83, 217.75, 218.49, 4908.94651
1537117200000, 218.53, 219.0, 216.87, 217.22, 4485.28139
1537119000000, 217.22, 218.68, 214.1, 218.06, 12082.6472
1537120800000, 218.08, 220.0, 217.98, 218.19, 7054.16614
1537122600000, 218.08, 219.0, 217.93, 218.21, 2229.01281
1537124400000, 218.32, 219.34, 217.94, 218.84, 3491.66249
1537126200000, 218.84, 223.01, 218.7, 222.13, 15336.30422
1537128000000, 222.13, 223.2, 221.29, 221.78, 7110.26171
1537129800000, 221.74, 223.5, 221.46, 221.84, 8130.77951
1537131600000, 221.84, 222.48, 221.83, 222.01, 1722.61808
1537133400000, 222.01, 222.23, 219.32, 219.5, 7754.72305
1537135200000, 219.65, 220.18, 218.52, 218.93, 3440.2408
1537137000000, 219.05, 220.57, 218.79, 219.94, 6455.38286
1537138800000, 219.88, 221.1, 219.62, 220.59, 4281.81326
1537140600000, 220.61, 220.66, 219.0, 220.17, 1348.15194
1537142400000, 220.24, 225.0, 220.24, 224.15, 19070.51413
1537144200000, 224.14, 224.66, 223.21, 223.78, 5721.48605
1537146000000, 223.68, 223.91, 221.65, 221.68, 6423.22452
1537147800000, 221.68, 223.52, 221.57, 222.82, 4486.41158
1537149600000, 222.82, 223.51, 221.58, 221.75, 2530.13124
1537151400000, 221.75, 223.5, 221.66, 223.11, 3655.41999
1537153200000, 223.17, 223.17, 221.0, 222.92, 6096.559
1537155000000, 222.92, 223.03, 221.07, 223.02, 9029.80861
1537156800000, 222.89, 223.14, 218.01, 218.82, 17535.76565
1537158600000, 218.82, 220.72, 218.21, 218.71, 9639.4836
1537160400000, 218.69, 219.22, 216.6, 217.74, 15014.94385
1537162200000, 217.78, 220.24, 217.59, 219.56, 9669.36716
1537164000000, 219.54, 219.83, 218.14, 219.82, 8720.1608
1537165800000, 219.69, 220.08, 218.78, 218.8, 14431.14772
1537167600000, 218.8, 220.09, 216.75, 217.48, 17708.17111
1537169400000, 217.6, 218.68, 216.6, 218.27, 13155.65576
1537171200000, 218.28, 218.28, 214.8, 216.74, 18798.39719
1537173000000, 216.74, 216.87, 214.97, 216.48, 8031.02504
1537174800000, 216.47, 218.5, 213.21, 217.97, 21422.66401
1537176600000, 217.98, 220.44, 217.0, 219.97, 23848.27588
1537178400000, 220.04, 222.0, 219.53, 220.77, 16442.7196
1537180200000, 220.8, 220.98, 218.68, 219.44, 15752.86723
1537182000000, 219.38, 220.87, 219.07, 219.61, 11723.29654
1537183800000, 219.64, 220.59, 218.43, 219.14, 6669.49802
1537185600000, 219.16, 219.2, 217.02, 218.69, 12517.88039
1537187400000, 218.71, 219.07, 216.77, 217.24, 11413.45206
1537189200000, 217.24, 218.5, 216.01, 218.04, 13627.92505
1537191000000, 218.0, 218.42, 215.0, 216.72, 17247.02417
1537192800000, 216.73, 217.5, 212.37, 213.45, 35633.29847
1537194600000, 213.41, 215.54, 213.29, 213.91, 17335.94231
1537196400000, 213.93, 214.01, 205.9, 207.02, 58368.37776
1537198200000, 207.0, 207.05, 202.65, 206.31, 37150.01599
1537200000000, 206.28, 208.24, 205.75, 206.8, 24896.86175
1537201800000, 206.84, 208.71, 204.93, 205.25, 14759.979
1537203600000, 205.15, 207.14, 200.62, 204.17, 26640.48735
1537205400000, 204.22, 205.63, 201.86, 205.61, 23649.63624
1537207200000, 205.57, 207.25, 204.94, 205.59, 20458.53303
1537209000000, 205.6, 206.32, 203.0, 204.71, 16906.64913
1537210800000, 204.7, 205.49, 203.79, 203.97, 10284.7118
1537212600000, 203.97, 204.53, 195.36, 197.62, 43378.55534
1537214400000, 197.6, 197.6, 192.4, 194.52, 41494.14716
1537216200000, 194.28, 195.8, 192.4, 194.88, 23572.72847
1537218000000, 194.8, 197.44, 194.53, 196.12, 16347.67347
1537219800000, 196.17, 198.34, 196.11, 196.92, 13392.4256
1537221600000, 196.92, 197.0, 194.13, 195.79, 17578.70535
1537223400000, 195.79, 197.5, 195.06, 195.45, 15339.66804
1537225200000, 195.49, 198.44, 195.49, 197.78, 13374.92309
1537227000000, 197.74, 198.2, 196.0, 196.16, 14074.17915
1537228800000, 196.25, 196.46, 193.47, 196.25, 15597.34045
1537230600000, 196.24, 197.56, 196.02, 196.86, 12764.44949
1537232400000, 196.79, 198.2, 196.29, 197.95, 11517.90104
1537234200000, 197.98, 198.0, 197.26, 197.55, 9497.76243
1537236000000, 197.57, 197.6, 195.74, 196.39, 10039.29834
1537237800000, 196.39, 197.42, 196.22, 196.96, 10137.18208
1537239600000, 196.95, 197.06, 195.0, 196.29, 19278.91086
1537241400000, 196.29, 196.74, 194.3, 194.7, 11642.64878
1537243200000, 194.76, 197.0, 194.5, 195.92, 12654.90329
1537245000000, 195.9, 197.5, 194.85, 196.41, 11873.32549
1537246800000, 196.49, 198.93, 196.43, 197.91, 12615.36428
1537248600000, 197.94, 198.03, 196.8, 197.57, 8255.06788
1537250400000, 197.56, 198.54, 196.46, 198.01, 13714.8853
1537252200000, 197.87, 198.16, 197.12, 197.7, 5742.18602
1537254000000, 197.68, 198.65, 197.68, 198.43, 7727.27112
1537255800000, 198.42, 201.1, 198.14, 200.21, 12078.95675
1537257600000, 200.22, 200.87, 198.0, 198.06, 14128.50987
1537259400000, 198.06, 199.17, 196.48, 197.27, 12720.12964
1537261200000, 197.33, 197.81, 196.07, 196.88, 13888.99546
1537263000000, 196.9, 197.76, 196.17, 197.62, 11998.34113
1537264800000, 197.62, 197.82, 196.93, 197.11, 8899.07683
1537266600000, 197.11, 197.31, 195.65, 196.13, 9870.82976
1537268400000, 196.13, 197.24, 195.15, 197.04, 14073.33604
1537270200000, 197.04, 199.88, 197.0, 199.75, 17646.11099
1537272000000, 199.7, 211.1, 198.23, 206.99, 43648.93905
1537273800000, 207.01, 210.0, 206.1, 207.65, 27433.22806
1537275600000, 207.66, 214.0, 207.66, 210.23, 33539.3574
1537277400000, 210.2, 212.8, 209.29, 211.64, 19477.39595
1537279200000, 211.71, 213.32, 209.88, 211.31, 15622.807
1537281000000, 211.29, 212.09, 210.21, 211.11, 20183.62845
1537282800000, 211.06, 215.47, 210.36, 210.59, 20901.03782
1537284600000, 210.65, 212.1, 209.0, 211.47, 8221.82236
1537286400000, 211.5, 213.29, 210.87, 211.7, 5868.85119
1537288200000, 211.68, 213.98, 211.21, 211.79, 10795.14069
1537290000000, 211.79, 212.22, 208.58, 210.04, 10048.41481
1537291800000, 210.11, 210.12, 207.66, 209.35, 9050.61458
1537293600000, 209.37, 210.72, 208.0, 208.82, 6762.20023
1537295400000, 208.74, 210.56, 208.56, 209.46, 5102.88761
1537297200000, 209.49, 210.2, 208.35, 209.24, 2987.74578
1537299000000, 209.24, 210.35, 205.61, 206.88, 11006.63524
1537300800000, 206.87, 207.85, 205.1, 207.03, 10211.73374
1537302600000, 207.21, 209.29, 206.86, 207.96, 8583.64616
1537304400000, 207.99, 209.55, 207.69, 208.19, 1882.49782
1537306200000, 208.28, 208.5, 207.94, 208.39, 2691.60022
1537308000000, 208.4, 211.46, 208.39, 210.8, 6362.03478
1537309800000, 210.81, 211.84, 209.93, 210.98, 3938.10114
1537311600000, 210.98, 211.38, 209.03, 209.82, 6446.53955
1537313400000, 209.82, 210.33, 208.13, 208.17, 5236.50719
1537315200000, 208.42, 208.91, 207.52, 208.81, 4517.00031
1537317000000, 208.82, 209.13, 207.51, 208.25, 3834.32578
1537318800000, 208.21, 209.96, 208.05, 209.71, 4658.98867
1537320600000, 209.78, 212.9, 209.62, 212.07, 10889.15326
1537322400000, 212.09, 212.38, 210.55, 211.24, 4923.55259
1537324200000, 211.16, 212.8, 211.03, 212.41, 10427.79453
1537326000000, 212.42, 214.84, 211.42, 211.62, 15820.92098
1537327800000, 211.74, 212.8, 211.06, 212.55, 4192.36002
1537329600000, 212.57, 213.26, 211.3, 211.99, 5352.87384
1537331400000, 211.93, 212.23, 209.92, 211.17, 5335.66493
1537333200000, 211.13, 212.11, 211.0, 211.59, 1843.02107
1537335000000, 211.6, 212.2, 211.21, 211.74, 2181.2928
1537336800000, 211.74, 212.2, 211.21, 211.52, 2534.18032
1537338600000, 211.43, 212.85, 211.26, 211.58, 3353.51892
1537340400000, 211.58, 211.68, 209.46, 210.73, 6729.52905
1537342200000, 210.76, 211.73, 210.16, 211.57, 3049.30972
1537344000000, 211.6, 212.7, 211.13, 211.34, 5157.54552
1537345800000, 211.34, 211.64, 210.79, 211.14, 2544.52019
1537347600000, 211.22, 211.41, 206.93, 208.68, 16467.08666
1537349400000, 208.83, 209.69, 207.69, 208.38, 7337.66417
1537351200000, 208.38, 209.65, 208.01, 208.85, 5277.64228
1537353000000, 208.86, 209.42, 207.69, 207.97, 3693.5594
1537354800000, 207.98, 209.04, 205.33, 207.76, 10389.79182
1537356600000, 207.66, 208.45, 204.12, 205.36, 14166.96445
1537358400000, 205.28, 205.97, 203.0, 204.96, 14916.73415
1537360200000, 205.01, 207.66, 204.16, 207.15, 8803.71986
1537362000000, 207.03, 207.66, 205.27, 206.19, 3594.06304
1537363800000, 206.27, 207.98, 205.94, 207.15, 5415.82938
1537365600000, 207.15, 208.86, 206.64, 208.79, 4698.45375
1537367400000, 208.67, 211.41, 208.19, 209.78, 10237.53513
1537369200000, 209.78, 210.9, 208.75, 210.62, 5108.28073
1537371000000, 210.57, 211.2, 209.16, 209.66, 7234.19677
1537372800000, 209.53, 210.23, 207.16, 208.29, 8294.92597
1537374600000, 208.29, 210.35, 208.0, 209.4, 5428.50053
1537376400000, 209.37, 209.37, 206.45, 208.7, 12434.55838
1537378200000, 208.92, 209.16, 207.0, 207.76, 4381.42527
1537380000000, 207.77, 208.07, 203.55, 203.73, 15473.08321
1537381800000, 203.83, 204.51, 197.58, 201.14, 48967.84579
1537383600000, 200.45, 212.99, 197.95, 209.55, 85555.00092
1537385400000, 209.81, 211.09, 207.76, 209.4, 30302.33562
1537387200000, 209.49, 211.75, 208.85, 210.68, 19594.07058
1537389000000, 210.75, 213.4, 210.51, 211.23, 18933.8884
1537390800000, 211.23, 212.11, 210.01, 210.41, 7679.35485
1537392600000, 210.56, 211.07, 209.0, 209.72, 4432.51211
1537394400000, 209.77, 210.38, 208.95, 210.2, 6306.80031
1537396200000, 210.11, 210.55, 208.23, 209.25, 5295.45964
1537398000000, 209.25, 209.55, 208.7, 208.93, 3504.84122
1537399800000, 209.12, 210.24, 208.12, 209.79, 4828.7895
1537401600000, 209.79, 210.82, 209.39, 210.16, 6482.0228
1537403400000, 210.16, 211.64, 209.86, 210.77, 6828.54393
1537405200000, 210.76, 211.21, 210.06, 210.28, 2680.34394
1537407000000, 210.29, 211.06, 209.74, 210.19, 1962.45353
1537408800000, 210.19, 210.2, 208.59, 208.71, 12393.62842
1537410600000, 208.72, 209.5, 208.28, 208.95, 12766.84761
1537412400000, 208.93, 209.16, 208.35, 208.54, 4633.02003
1537414200000, 208.56, 209.62, 208.3, 209.03, 4017.22677
1537416000000, 209.05, 209.26, 208.79, 209.09, 3870.0335
1537417800000, 209.08, 209.09, 207.0, 207.52, 8482.72575
1537419600000, 207.51, 208.11, 207.0, 207.73, 6475.49393
1537421400000, 207.81, 208.44, 207.72, 208.04, 3850.76968
1537423200000, 208.04, 209.58, 207.51, 208.87, 6265.08266
1537425000000, 208.89, 209.57, 208.61, 209.35, 5486.52885
1537426800000, 209.36, 209.7, 208.65, 208.79, 13102.33414
1537428600000, 208.8, 209.46, 208.67, 209.18, 13914.41483
1537430400000, 209.18, 209.33, 207.9, 208.14, 10397.24918
1537432200000, 208.14, 208.66, 207.6, 208.26, 5443.76124
1537434000000, 208.24, 208.62, 207.58, 207.79, 7884.72516
1537435800000, 207.8, 208.17, 207.35, 207.98, 5545.04313
1537437600000, 207.96, 209.21, 207.83, 208.91, 9276.89504
1537439400000, 208.95, 210.47, 208.34, 210.21, 9175.18375
1537441200000, 210.18, 211.23, 209.44, 210.17, 16016.52566
1537443000000, 210.05, 213.19, 209.83, 212.49, 13552.86258
1537444800000, 212.56, 215.0, 212.37, 212.77, 20107.47527
1537446600000, 212.83, 213.18, 210.94, 211.7, 21005.94941
1537448400000, 211.7, 212.3, 210.14, 211.37, 16788.39995
1537450200000, 211.4, 212.67, 210.8, 211.82, 13513.56066
1537452000000, 211.89, 212.05, 210.76, 211.02, 9768.11157
1537453800000, 211.02, 211.7, 210.4, 210.98, 8967.11828
1537455600000, 210.93, 212.23, 210.82, 211.41, 14006.13343
1537457400000, 211.41, 211.43, 208.84, 210.4, 17700.44327
1537459200000, 210.43, 210.5, 209.59, 209.8, 8108.79676
1537461000000, 209.97, 211.3, 209.28, 210.62, 9845.8985
1537462800000, 210.62, 211.26, 208.42, 209.21, 9950.16527
1537464600000, 209.21, 209.85, 207.96, 208.49, 9626.45475
1537466400000, 208.49, 209.64, 207.86, 209.16, 5881.44206
1537468200000, 209.17, 210.19, 208.66, 209.81, 5790.12744
1537470000000, 209.82, 211.4, 208.74, 210.65, 8747.14424
1537471800000, 210.69, 211.5, 210.2, 210.4, 9072.66239
1537473600000, 210.36, 211.8, 209.52, 209.72, 13445.14096
1537475400000, 209.72, 209.93, 205.56, 208.98, 30635.29346
1537477200000, 208.99, 209.05, 207.74, 208.79, 3408.03413
1537479000000, 208.77, 214.65, 208.67, 213.39, 24453.96574
1537480800000, 213.59, 214.13, 211.77, 213.96, 12247.13348
1537482600000, 213.8, 222.0, 212.93, 222.0, 47407.70445
1537484400000, 222.0, 222.98, 220.12, 221.42, 31325.18045
1537486200000, 221.18, 226.68, 221.1, 224.0, 31326.19033
1537488000000, 224.0, 226.38, 221.63, 222.4, 19013.40055
1537489800000, 222.43, 223.4, 220.66, 222.93, 12406.40417
1537491600000, 222.93, 223.31, 220.76, 221.84, 10092.98864
1537493400000, 221.84, 222.6, 221.24, 221.97, 5066.28459
1537495200000, 221.93, 223.26, 221.59, 222.9, 4457.40701
1537497000000, 222.9, 225.5, 222.8, 224.48, 11787.07157
1537498800000, 224.41, 225.0, 222.63, 223.23, 15212.25042
1537500600000, 223.18, 224.14, 222.15, 222.74, 12475.67185
1537502400000, 222.75, 223.58, 222.3, 222.3, 7605.24945
1537504200000, 222.4, 222.83, 221.5, 222.27, 10632.77615
1537506000000, 222.4, 222.4, 221.0, 221.36, 9295.05434
1537507800000, 221.36, 222.4, 221.29, 221.91, 12473.46109
1537509600000, 221.92, 222.88, 221.8, 222.65, 6843.1112
1537511400000, 222.65, 224.8, 222.55, 223.78, 19431.59642
1537513200000, 223.76, 225.89, 223.18, 225.88, 15224.3134
1537515000000, 225.59, 227.58, 224.91, 226.29, 25036.15748
1537516800000, 226.29, 231.0, 226.2, 228.31, 34795.56319
1537518600000, 228.32, 228.6, 223.74, 226.49, 21781.54331
1537520400000, 226.5, 227.0, 224.69, 225.49, 15032.95266
1537522200000, 225.5, 226.75, 223.43, 225.81, 15420.20647
1537524000000, 225.79, 226.57, 224.0, 224.71, 16395.37297
1537525800000, 224.7, 226.5, 224.64, 225.93, 13668.27031
1537527600000, 225.93, 227.8, 225.1, 226.52, 20337.0322
1537529400000, 226.52, 229.3, 225.79, 227.9, 18235.05096
1537531200000, 227.95, 228.17, 225.5, 226.24, 15154.26447
1537533000000, 226.14, 227.77, 225.91, 226.98, 11899.15489
1537534800000, 226.97, 229.99, 226.9, 228.26, 13708.76905
1537536600000, 228.03, 231.53, 227.78, 228.69, 27460.3561
1537538400000, 228.71, 230.0, 226.96, 230.0, 16563.26458
1537540200000, 229.9, 232.1, 228.81, 230.39, 23320.8936
1537542000000, 230.4, 230.75, 227.5, 227.75, 22450.85302
1537543800000, 227.79, 228.48, 223.02, 226.19, 29091.14141
1537545600000, 226.19, 229.62, 226.06, 228.86, 13226.96256
1537547400000, 228.84, 228.99, 226.9, 228.84, 10962.92644
1537549200000, 228.83, 228.95, 227.12, 228.01, 13539.87574
1537551000000, 228.01, 229.35, 227.72, 228.29, 13367.85954
1537552800000, 228.31, 229.78, 227.64, 229.67, 8583.88796
1537554600000, 229.67, 244.24, 229.31, 243.08, 45407.84512
1537556400000, 243.08, 252.11, 240.71, 246.12, 66049.18279
1537558200000, 246.73, 249.55, 245.73, 247.05, 24200.71469
1537560000000, 246.9, 250.27, 246.36, 249.39, 17433.51642
1537561800000, 249.38, 249.6, 242.03, 242.21, 24284.61148
1537563600000, 242.21, 245.81, 237.09, 244.67, 31779.16492
1537565400000, 244.69, 245.95, 243.2, 244.35, 13931.76184
1537567200000, 244.44, 246.87, 244.02, 246.26, 8922.29721
1537569000000, 246.25, 248.88, 245.58, 247.77, 11972.22588
1537570800000, 247.72, 249.0, 244.76, 245.75, 14533.0647
1537572600000, 245.75, 248.5, 245.47, 247.73, 10465.34467
1537574400000, 247.67, 255.13, 247.24, 248.44, 31534.28135
1537576200000, 248.44, 249.83, 246.53, 248.57, 13694.46573
1537578000000, 248.59, 251.4, 246.68, 246.76, 15587.81808
1537579800000, 247.0, 247.4, 242.61, 245.44, 25014.5253
1537581600000, 245.74, 245.87, 242.29, 242.75, 15324.28651
1537583400000, 242.75, 244.11, 241.55, 241.84, 13360.69951
1537585200000, 241.83, 242.8, 238.0, 240.52, 21006.36127
1537587000000, 240.55, 243.03, 240.05, 241.68, 10318.9208
1537588800000, 241.76, 244.19, 241.5, 243.76, 11726.0083
1537590600000, 243.7, 244.0, 241.39, 242.75, 10530.44538
1537592400000, 242.76, 242.88, 240.0, 241.21, 8994.24456
1537594200000, 241.23, 242.59, 240.79, 240.98, 12056.59778
1537596000000, 241.0, 241.9, 240.0, 241.16, 11272.97182
1537597800000, 241.16, 244.03, 240.7, 243.3, 5617.93994
1537599600000, 243.3, 243.39, 240.11, 240.74, 4975.96447
1537601400000, 240.96, 241.63, 240.33, 240.87, 4032.09193
1537603200000, 240.87, 241.13, 235.55, 237.45, 20808.13439
1537605000000, 237.5, 237.57, 232.7, 235.5, 21134.27777
1537606800000, 235.5, 238.04, 234.22, 237.39, 8432.1107
1537608600000, 237.29, 238.5, 235.0, 237.76, 8118.38056
1537610400000, 237.76, 241.08, 237.4, 239.99, 8990.8446
1537612200000, 239.99, 240.26, 237.7, 238.21, 5788.82572
1537614000000, 238.25, 239.49, 237.08, 238.34, 5358.83585
1537615800000, 238.47, 239.0, 235.77, 236.29, 4162.73064
1537617600000, 236.22, 240.3, 235.71, 239.74, 5347.66967
1537619400000, 239.71, 241.36, 238.24, 238.95, 6634.34992
1537621200000, 238.95, 239.57, 237.19, 238.32, 4637.16144
1537623000000, 238.38, 242.87, 237.32, 241.23, 8292.33481
1537624800000, 241.59, 241.61, 238.9, 239.68, 4739.14249
1537626600000, 239.77, 239.86, 237.0, 238.07, 7338.32415
1537628400000, 238.08, 238.44, 236.0, 237.73, 6209.47832
1537630200000, 237.7, 240.67, 237.43, 239.5, 6983.22272
1537632000000, 239.5, 239.91, 238.2, 239.59, 3321.13609
1537633800000, 239.56, 241.6, 238.02, 238.77, 4730.35731
1537635600000, 238.66, 240.26, 238.36, 239.12, 1385.87766
1537637400000, 239.17, 240.0, 238.8, 239.93, 1269.15703
1537639200000, 239.71, 244.35, 238.03, 242.16, 21488.19878
1537641000000, 242.16, 245.87, 241.76, 243.82, 10238.26829
1537642800000, 243.99, 244.07, 241.1, 242.02, 6113.99299
1537644600000, 242.04, 243.05, 241.26, 242.21, 3898.09447
1537646400000, 242.33, 244.0, 242.13, 242.58, 3351.94542
1537648200000, 242.65, 243.59, 241.66, 242.14, 2547.31922
1537650000000, 242.14, 242.39, 240.93, 241.06, 1054.59744
1537651800000, 241.17, 241.25, 238.15, 239.11, 5600.73751
1537653600000, 239.13, 240.98, 238.04, 240.82, 3064.87898
1537655400000, 240.83, 240.83, 238.8, 239.46, 2233.71695
1537657200000, 239.46, 239.92, 238.55, 239.55, 2400.62278
1537659000000, 239.55, 241.67, 239.55, 241.01, 3018.3929
1537660800000, 241.01, 241.71, 240.32, 240.78, 3042.25096
